B1 <-
structure(c(0, 0, 0, 0, 0, 0, 0, 0, 0, 0, 0, 0, 0, 0, 0, 0, 0, 
0, 0, 0, 0, 0, 0, 0, 0, 0, 0, 0, 0, 0, 0, 0, 0, 0, 0, 0, 0, 0.14311934085281877, 
0, 0, 0, 0, 0, 0, 0, 0, 0, 0, 0, 0, 0, 0, 0, 0, 0, 0, 0, 0, 0, 
0, 0, 0, 0, 0, 0, 0, 0, 0, 0, 0, 0, 0, 0, 0, 0, 0, 0, 0, 0, 0, 
0, 0, 0, 0, 0.056761831728909605, 0, 0, 0.6642765884273949, 0, 
0, 0, 0, 0, 0, 0, 0, 0, 0, 0, 0, 0, 0, 0, 0, 0, 0, 0, 0, 0, 0, 
0, 0, 0, 0, 0, 0, 0, 0, 0, 0, 0, 0, 0, 0, 0, 0, 0, 0, 0, 0, 0, 
0, 0, 0, 0.58939497898790238, 0, 0, 0.19258385009170459, 0, 0, 
0, 0, 0, 0, 0, 0, 0, 0, 0, 0, 0, 0, 0, 0, 0, 0, 0, 0, 0, 0, 0, 
0, 0, 0, 0, 0, 0, 0, 0, 0, 0, 0, 0, 0, 0, 0, 0, 0, 0, 0, 0, 0, 
0, 0, 0.34926824336861145, 0, 0, 2.022062808182586e-05, 0, 0, 
0, 0, 0, 0, 0, 0, 0, 0, 0, 0, 0, 0, 0, 0, 0, 0, 0, 0, 0, 0, 0, 
0, 0, 0, 0.098298723806373764, 0, 0, 0, 0, 0, 2.1339122438109233e-07, 
0, 0, 0, 0, 0, 0.0054451220845955477, 0, 0, 0, 0, 0.0098715226483902917, 
0, 0, 0.0045749459145765252, 0.095620287814021682, 0, 0, 0, 0, 
0, 0, 0, 0, 0, 0, 0, 0, 0, 0, 0, 0, 0, 0, 1.719552727870853e-05, 
0.047480146738341465, 0, 0, 0, 0.049297658080881504, 0.017032888823959293, 
0, 0, 0, 0.64272524868737446, 0, 0, 0, 0, 0, 0.17215430791288874, 
0, 0, 0.020846420352584178, 0, 0, 0.36127146003750032, 0, 0, 
0, 0, 0.40792675219231511, 0.032250071857617572, 0, 0, 0.64049990904445608, 
0.039190831600633032, 0, 0, 0, 0.013150286605020104, 0, 0, 0, 
0, 0, 0, 0, 0.030752426515616195, 0, 0, 0, 0, 0, 0.191165834395291, 
0.56969981786625756, 0, 0, 0.0078969178323264871, 0.5738825103512053, 
0.45862900854136618, 0, 0.017841799215371969, 0.15897948163646017, 
0.2582755732444349, 0, 0, 0.0013263972462786518, 0, 0, 0.66654939650610356, 
0, 0.00405827438863781, 0.4792320853263472, 0, 0, 0.58080477391415841, 
0.012673210927867915, 0.13906121156104809, 0, 0, 0.54433488728633705, 
0.52638833515996708, 0.097583506566540482, 0, 0.26307440765996781, 
0.5481927766780903, 0, 0.032003380526636309, 0.035009086876568181, 
0.43364901694845454, 0, 0, 0, 0.044351943106541371, 0, 0.16338148358894186, 
0, 0.52111394405913136, 0, 0.12476122769856177, 0.026874642393723728, 
0, 0.065746075536548557, 0.6645184804274612, 0.37615266272970738, 
0, 0, 0.38937416300532263, 0.37062569089401476, 0.49917730380353675, 
0, 0.46327931086659063, 0.66642468068048455, 0.0007004542618170383, 
0.046134728980060637, 0, 0.28244435004966856, 0.10912401734092161, 
0.04322086342927256, 0.16129608218978336, 0, 0.341418565410611, 
0.47910124252863784, 0, 0.087690070277130716, 0.052478643963745623, 
0.4302165850597251, 0.66333612867446556, 0.0043227984027885986, 
0.007914904172958849, 0.037866837872957575, 0.42887181965739429, 
0.64214368977008296, 0, 0.00080539548155436169, 0.40326941732361243, 
0, 0.52553502148277842, 0.53554283623575727, 0.52215714039142502, 
0.10162024485194834, 0, 0, 0.56207851526166641, 0, 0.66662306613918521, 
0.15479157516696312, 0.43481792962705823, 6.2410446621095257e-05, 
0.65858882815554076, 0.50631479733810147, 0.094704129174043528, 
0.60506508689637595, 0.14429848964996911, 0.0066673726656935961, 
0, 0, 0.55941734686005695, 0.0061941406738983979, 0.025160798831137848, 
0.037846303184013691, 0.4947370327590323, 0.17459520287735575, 
0, 0.56648969917956049, 0, 0.63078470069877712, 0.65047377565230247, 
0.55918218104372608, 0, 0.030076033629264001, 0.59483198238239532, 
0.020820251792430643, 0, 0.63311051768682569, 0, 0.52520249121554974, 
0.19756916442486244, 0.34551370414010629, 0.3895568367513334, 
0, 0.012489773325021086, 0.25954546351993052, 0, 0, 0.0093469743976642775, 
0, 0.42983995770837907, 0.41833069742416829, 0.031043556055100417, 
0.64530874053176568, 0.00024789003363209549, 0.14212869681443252, 
0.38599987444110789, 0.13689153395490186, 0.16999540204997957, 
0.66608155085385923, 0.013315699798194401, 0.20511606571469648, 
0.21652008418131399, 0.45103768068395333, 0.63970856649913932, 
0.32603068086801984, 0, 0, 2.0220628081823705e-05, 0.023197247630196632, 
0.043311572302294071, 0, 0, 0.54427401988111834, 0.024141857159005031, 
6.3480569949941811e-07, 0, 0.38033445263626386, 0.00078641742034123879, 
0.085444552005275676, 0.24002184602538637, 0.38967081475348486, 
0, 0.51865567221659481, 0.059691177818355728, 0, 0.164938071130623, 
0.27800677785186684, 0, 0.031907712796857182, 3.3495339623914702e-05, 
0.59201353399661127, 0.55927255832918932, 0, 0, 0.00072734014344605347, 
0, 0, 0, 0, 0.012621640282206189, 0.011117379463506376, 0, 0.25248529161733213, 
0.22951216991669227, 0.66406256505633077, 0.0075696671906843342, 
0.66276283141247383, 4.8221893263808685e-08, 0.17912447134623546, 
0, 0.66165865706351634, 0.00012985996458346762, 0.01577287958422147, 
0.26474325820736655, 0.0031581566990556494, 0, 0, 0.19258385009170398, 
0.49047921386439641, 0, 0, 0, 0.4079997705112437, 0, 0, 0, 0.007041119204115126, 
0.2622366955299586, 0, 0.00038036098138958971, 0.0079261407735165598, 
0, 0.43755877215731298, 0, 0, 0.66665465210741348, 0.0011926341841767473, 
0, 0, 0, 0.058149963460493753, 0.043255700746518244, 0, 0, 0, 
0, 0, 0, 0, 0, 0, 0, 0.00058572299895383675, 0.65438046291397434, 
0.19378570261481232, 0, 0.2003029665009437, 0, 2.4026329421043332e-06, 
0, 0.13316286677516614, 0, 0, 0.00084404611945072447, 0, 0, 0, 
0.6642765884273949, 0.46768780754517164, 0, 0, 0, 0.0098799064236243656, 
0, 0, 0, 0, 0.64089376940258691, 0, 0, 0, 0, 0.013709521996828301, 
0, 0, 0.16840726980304913, 0, 0, 0, 0, 0, 0, 0, 0, 0, 0, 0, 0, 
0, 0, 0, 0, 0, 0.11585947713570137, 2.3035514424428015e-05, 0, 
4.2668131680673363e-05, 0, 0, 0, 0, 0, 0, 0, 0, 0, 0, 0.14311934085281935, 
0.01863573096023537, 0, 0, 0, 0, 0, 0, 0, 0, 0.096083117647113053, 
0, 0, 0, 0, 0, 0, 0, 6.9589143479760144e-09, 0, 0, 0, 0, 0, 0, 
0, 0, 0, 0, 0, 0, 0, 0, 0, 0, 0, 0, 0, 0, 0, 0, 0, 0, 0), dim = c(50L, 
13L))
