B2 <-
structure(c(0, 0, 0, 0, 0, 0, 0, 0, 0, 0, 0, 0, 0, 0, 0, 0, 0, 
0, 0, 0, 0, 0, 0, 0, 0, 0, 0, 0, 0, 0, 0, 0, 0, 0, 0.11936298038948918, 
0, 0, 0.14311934085281874, 0, 0, 0, 0, 0, 0, 0, 0, 0, 0, 0, 0, 
0, 0, 0, 0, 0, 0, 0, 0, 0, 0, 0, 0, 0, 0, 0, 0, 0, 0, 0, 0, 0, 
0, 0, 0, 0, 0, 0, 0, 0, 0, 0, 0, 0, 0, 0.65616084509972972, 0, 
0, 0.6642765884273949, 0, 0, 0, 0, 0, 0, 0, 0, 0, 0, 0, 0, 0, 
0, 0, 0, 0, 0, 0, 0, 0, 0, 0, 0, 0, 0, 0, 0, 0, 0, 0, 0, 0, 0, 
0, 0, 0, 0, 0, 0, 0, 0, 0, 0, 0, 0, 0.22428153509858814, 0, 0, 
0.19258385009170462, 0, 0, 0, 0, 0, 0, 0, 0, 0, 0, 0, 0, 0, 0, 
0, 0, 0, 0, 0, 0, 0, 0, 0, 0, 0, 0, 0, 0, 0, 0, 0, 0, 0, 0, 0, 
0, 0, 0, 0, 0, 0, 0, 0, 0, 0, 0, 0.00019463941219305842, 0, 0, 
2.022062808182604e-05, 0, 0, 0, 0, 0, 0, 0, 0, 0, 0, 0, 0, 0, 
0, 0, 0, 0, 0, 0, 0, 0, 0, 0, 0, 0, 0, 0, 0, 0, 0, 0, 0, 0, 0, 
0, 0, 0, 0, 0, 0, 0, 0, 0, 0, 0, 0, 0, 0, 0, 0, 0, 0, 0, 0, 0, 
0, 0, 0, 0, 0, 0, 0, 0, 0, 0, 0.00019527792786480248, 0, 0, 0, 
0, 0, 0, 0.026045541986630609, 0, 0, 0, 0, 0, 0, 2.8435941588637372e-06, 
0, 0, 0, 0, 0, 0, 0, 0, 0, 0, 0.0079755615669207924, 0, 0, 0, 
0, 0, 0, 0, 0, 0, 0, 0, 0, 0, 0, 0, 0, 0, 0, 0, 0, 0, 0, 1.8608053761787858e-06, 
0.0026253341916746974, 0.22434925389109664, 0, 0.00016072982505529031, 
0, 0, 0, 0, 0.50291177570321399, 0, 0, 0.032275346993223555, 
0, 0, 0, 0.1798614169094894, 0, 0, 0.10217388210921187, 0, 0.029472902739288737, 
0, 0, 0, 0, 0, 0.39017080746482058, 0.030701736965754262, 0, 
0, 0, 0, 0, 0, 0, 0, 0, 0, 0.1422858232059889, 0, 0, 0, 0, 0, 
0, 0, 0, 0, 0, 0.17808602130849677, 0.31554754259403223, 0.65613852058598865, 
0, 0.22046414775907017, 0.020277839730067002, 0, 0, 0.013702857554084248, 
0.45467521101252711, 9.7700313805991273e-05, 0.14880117240242857, 
0.52647542630856292, 0, 0.0050310063303947768, 0, 0.66601245328953862, 
0, 0, 0.64572102130571651, 0, 0.51642178987734033, 0, 0, 0, 0, 
0, 0.55878537830500319, 0.52093140389819004, 0, 0, 0, 0, 0, 0, 
0, 0, 0, 0, 0.66409717416220448, 0, 0, 0, 0.0091431776215137751, 
0.051934931259546867, 0, 0, 0, 0, 0, 0.66617271153795488, 0.61170444600951235, 
0.11931694759504996, 0.10729819143762767, 0.65738776244495978, 
0.47635915891496983, 0.00011282585452323081, 0, 0.43751287367148672, 
0.016367471297628253, 0.21172156755578364, 0.6653165376486263, 
0.42877287402782893, 0, 0.35572959641786817, 0, 0.15412328620681323, 
0.057122076135241388, 0, 0.25153696016539556, 0, 0.44003298802611684, 
0, 0, 0, 0, 0.12686316300937703, 0.043068252663255591, 0.43502211047386835, 
0, 0, 0, 0, 0, 0, 0.058812615915217581, 0, 0, 0.016573635112464558, 
0.19359443087995457, 0.00074981957967266044, 0.023265396667260657, 
0.085861735923384239, 0.40141085757930728, 0.57965589460703493, 
0.00063595549072802463, 0, 0.00012572105051029877, 0.0007485352788537278, 
0.0079538168938683429, 0.15573940634817227, 0.070122677204780673, 
0, 0.64929902286669439, 0.1219873599709148, 0.48196412110258485, 
0.2140856328955075, 0.050374790239303802, 0.51869697992762565, 
0, 0.65995546652729808, 0.18587378628785078, 0.012476352670384437, 
0.0007975796443983915, 0.58481200816603152, 0.092658471781593379, 
0, 0.59008199541908168, 0.00058564593175633743, 0.00056813641967583749, 
0.078108840634767987, 0.014072319357254103, 0.020478016052684362, 
0.11413637826943475, 0.065016902731804105, 0.0022500362157671962, 
0.65943540182954963, 0, 0.013344748662187341, 0.017447876911685915, 
0.079799593725523962, 2.0220628081822533e-05, 0.048467499361900618, 
0, 0.041006860979263544, 0.59323659597625134, 0, 0.00023819321983203429, 
0.45591308267001696, 2.2571751851963725e-05, 0.26058498806565128, 
0.49079114012647584, 0.63122503651057027, 0.54971889212613578, 
0.36284268771150946, 0.25510011038630437, 0.000104104407788945, 
0.21594796618187878, 0.26052612405712233, 0.38995107681818086, 
0, 0, 0, 0.24297863415229834, 0, 0.021398880252378235, 0.65929540087675087, 
0.57628158072888602, 0.030087288846803367, 0, 0.12822526560311234, 
8.5036610945246599e-06, 0, 0.26273091195487597, 0.054427389085705567, 
0.63788442524312305, 0, 0.34828773124538481, 0.252481174788169, 
0, 0.62239125374405724, 0, 0.47737785185524967, 0.65344303300544904, 
0.60389973703635269, 0.30732080349483193, 0.21359188199777662, 
0, 0, 0.4610354149552317, 0.62443912283361969, 0.19258385009170351, 
0.57199343098693844, 0, 0.55327969726785542, 0.34374365577626848, 
0, 0.22861611587983513, 0.50174657234192088, 0, 0.64166368796170969, 
0.46736650613689612, 0.28161258066283773, 0.039727072673043248, 
0.0055664864219087144, 0.64415605194280867, 0.21274879917732703, 
0.65875729738636768, 0.64169096283789306, 0.55895982857709403, 
0, 0, 0, 0.00042415154337972137, 0, 0, 0.12650614037321842, 0.36741390218440717, 
0, 0, 0, 0, 0, 0.64066168112036059, 0, 0.26852134585312892, 0, 
0.0045081972002919656, 0.64531053697199048, 0, 0.29764553510437203, 
0, 0.48095139495734818, 0.23214281888858515, 0.32782749979579168, 
0.61671971968356498, 0.0001095531632965205, 0, 0, 0.49688608915729127, 
0.29404215132013173, 0.6642765884273949, 0.37313312351308192, 
0, 0.39703762716347502, 0.0042071323322625453, 0, 0.65469342374771278, 
0.025766709875597597, 0, 0.097001504392966467, 0.018576957069367375, 
0.001300646903207737, 0, 0, 0.10010788218015888, 0.65967184857173344, 
0.12516901538124309, 0.097034377826130863, 0.043135277710856741, 
0, 0, 0, 0, 0, 0, 0, 0.0059297268474030008, 0, 0, 0, 0, 0, 0.095809827280364926, 
0, 0.00093575712215459086, 0, 0, 0.10162264230808415, 0, 0.0018543705168027, 
0, 0.021192737134717792, 0.00027776983653107491, 0.0032558604360515189, 
0.073709440605835799, 0, 0, 0, 0.024630618975791142, 0.0017191321207246993, 
0.14311934085281972, 0.0064059461380788964, 0, 0.008675814589405929, 
0, 0, 0.11645226715261996, 0, 0, 0, 0, 0, 0, 0, 0, 0.12747524784315079, 
0, 0), dim = c(50L, 13L))
