B3 <-
structure(c(0.14317456374900195, 0.05995124741235653, 0.017498351372956963, 
0.002089905620157634, 0, 0, 0, 0, 0, 0, 0, 0, 0, 0, 0, 0, 0, 
0, 0, 0, 0, 0, 0, 0, 0, 0, 0, 0, 0, 0, 0, 0, 0, 0, 0.66428822766779383, 
0.59529860707248972, 0.46132509720803527, 0.30354560810636727, 
0.16313781037267422, 0.071290272046246744, 0.02263664559706972, 
0.0034509610144975509, 7.248287884599276e-06, 0, 0, 0, 0, 0, 
0, 0, 0, 0, 0, 0, 0, 0, 0, 0, 0, 0, 0, 0, 0, 0, 0, 0, 0, 0, 0.19251713736802387, 
0.34073497702610656, 0.49660933433075261, 0.61896229925002499, 
0.66661632089210943, 0.61337750221403853, 0.48788431952680328, 
0.33131468286234078, 0.18484650225258767, 0.083975837355821994, 
0.028693582764772935, 0.0053027616203334066, 7.740391185768958e-05, 
0, 0, 0, 0, 0, 0, 0, 0, 0, 0, 0, 0, 0, 0, 0, 0, 0, 0, 0, 0, 0, 
2.0071215180361774e-05, 0.00401516848904712, 0.024567217088255176, 
0.075402187023450154, 0.17024580887852928, 0.31283471067149188, 
0.47035060485103158, 0.60161558138521165, 0.66545173024209492, 
0.62920391695023326, 0.51347475463650094, 0.35939866360552752, 
0.20815355388924967, 0.098083494034405194, 0.035744713569389575, 
0.0077208581309881437, 0.00028595770855511246, 0, 0, 0, 0, 0, 
0, 0, 0, 0, 0, 0, 0, 0, 0, 0, 0, 0, 0, 0, 0, 0, 5.9856687102648595e-08, 
0.0024975150682228844, 0.019128430025095341, 0.063618774737950121, 
0.14969451921743285, 0.28539978310052994, 0.44327352095867995, 
0.58216681591148367, 0.6609017579270049, 0.64255119920110526, 
0.53786975045715946, 0.38757089825595892, 0.23283255262943989, 
0.11368879277531929, 0.0438655887042428, 0.010780801239784766, 
0.00070846037129982222, 0, 0, 0, 0, 0, 0, 0, 0, 0, 0, 0, 0, 0, 
0, 0, 0, 0, 0, 0, 0, 0, 0, 0.0014204625934147585, 0.014558141640046179, 
0.053131758862655247, 0.13086728427188776, 0.25865684639318981, 
0.4156047347336661, 0.56084265490881013, 0.65319269688668535, 
0.65319269688668513, 0.56084265490881002, 0.41560473473366577, 
0.25865684639318959, 0.13086728427188751, 0.053131758862655344, 
0.014558141640046193, 0.0014204625934147641, 0, 0, 0, 0, 0, 0, 
0, 0, 0, 0, 0, 0, 0, 0, 0, 0, 0, 0, 0, 0, 0, 0, 0.00070846037129982796, 
0.010780801239784806, 0.043865588704242828, 0.11368879277531969, 
0.2328325526294405, 0.38757089825595892, 0.53786975045715957, 
0.64255119920110515, 0.66090175792700467, 0.58216681591148378, 
0.44327352095867978, 0.28539978310052994, 0.14969451921743268, 
0.063618774737950218, 0.019128430025095372, 0.0024975150682228879, 
5.9856687102648542e-08, 0, 0, 0, 0, 0, 0, 0, 0, 0, 0, 0, 0, 0, 
0, 0, 0, 0, 0, 0, 0, 0, 0.00028595770855512374, 0.0077208581309881818, 
0.03574471356938972, 0.098083494034405402, 0.20815355388925008, 
0.35939866360552752, 0.51347475463650105, 0.62920391695023314, 
0.66545173024209481, 0.60161558138521143, 0.47035060485103142, 
0.31283471067149154, 0.1702458088785288, 0.075402187023449987, 
0.024567217088255024, 0.0040151684890470567, 2.0071215180359308e-05, 
0, 0, 0, 0, 0, 0, 0, 0, 0, 0, 0, 0, 0, 0, 0, 0, 0, 0, 0, 0, 0, 
7.7403911857692006e-05, 0.0053027616203334032, 0.028693582764772973, 
0.083975837355822064, 0.18484650225258797, 0.33131468286234067, 
0.48788431952680344, 0.61337750221403875, 0.66661632089210965, 
0.61896229925002522, 0.49660933433075255, 0.34073497702610628, 
0.19251713736802345, 0, 0, 0, 0, 0, 0, 0, 0, 0, 0, 0, 0, 0, 0, 
0, 0, 0, 0, 0, 0, 0, 0, 0, 0, 0, 7.2482878845992845e-06, 0.0034509610144975314, 
0.022636645597069689, 0.07129027204624673, 0.16313781037267439, 
0.30354560810636716, 0.46132509720803538, 0.59529860707248994, 
0.66428822766779383, 0, 0, 0, 0, 0, 0, 0, 0, 0, 0, 0, 0, 0, 0, 
0, 0, 0, 0, 0, 0, 0, 0, 0, 0, 0, 0, 0, 0, 0, 0, 0.0020899056201576227, 
0.017498351372956959, 0.05995124741235662, 0.14317456374900231
), dim = c(34L, 11L))
