k1 <-
13L
