k2 <-
13L
