k3 <-
11L
